Start => Query Binary Search with fixedN
1073741823 1000000 9.760867 0.896865 102.449912 8.321522  9.390112 9.243744 11.999872 9.616224 9.580512 9.175552 9.143008 9.402336 9.140992 10.916320
1073741823 10000000 85.545068 0.343465 116.897446 0.466452  85.328995 85.582237 85.359230 85.570816 85.442688 85.601692 85.560867 85.488029 85.055038 86.461090
1073741823 20000000 171.551097 0.742939 116.583341 0.503160  172.463043 170.536697 171.955750 171.734329 171.077179 171.011963 171.179138 173.135910 171.032990 171.383972
1073741823 30000000 258.337494 0.613754 116.127162 0.276248  257.782562 258.311981 258.778503 257.015137 258.143341 259.346222 258.576508 258.877625 258.045227 258.497833
1073741823 40000000 343.257269 1.195192 116.530671 0.405787  341.735596 343.950775 342.857269 342.561981 344.112854 341.258484 344.225830 345.399109 342.691681 343.779114
1073741823 50000000 428.518701 2.102142 116.681022 0.573504  427.686371 431.246399 424.145020 428.400269 430.378998 426.687256 428.641449 427.746277 431.595612 428.659363
1073741823 60000000 513.498328 1.335820 116.845561 0.304835  514.251770 514.011719 515.109680 510.262451 513.118958 512.777954 514.982422 512.923889 514.320007 513.224426
1073741823 70000000 597.925476 1.950816 117.071446 0.383633  593.566528 594.837708 598.222900 598.088501 599.107971 598.257629 598.861450 599.325317 599.223022 599.763733
1073741823 80000000 683.053418 2.675083 117.121147 0.459698  678.501709 685.611511 678.872070 685.577637 681.661560 681.369995 682.961853 685.312439 685.040771 685.624634
1073741823 90000000 769.766956 2.264845 116.918503 0.345082  772.432190 764.261169 769.237549 771.514099 770.337830 772.580994 769.066956 769.225403 768.675476 770.337891
1073741823 100000000 864.697986 4.662019 115.647315 0.627364  855.931213 855.777832 864.735291 868.632996 865.587830 866.963745 868.200928 866.159241 869.669189 865.321594
1073741823 110000000 953.535822 9.188297 115.360113 1.085801  952.846069 980.590088 953.807068 947.861694 950.802002 951.116272 948.196777 950.771484 950.137329 949.229431
1073741823 120000000 1037.600537 2.556702 115.651444 0.285066  1035.461914 1035.950806 1040.183960 1041.861206 1039.487183 1032.897827 1038.417358 1035.565186 1037.022095 1039.157837
1073741823 130000000 1124.316101 1.497715 115.625846 0.153905  1126.519897 1124.137085 1123.305664 1125.668091 1123.404419 1123.348511 1122.356689 1127.009155 1122.967651 1124.443848
1073741823 140000000 1212.493628 1.937401 115.464524 0.184528  1210.476562 1210.951294 1210.161743 1214.928223 1213.098267 1215.112183 1209.672852 1214.197510 1213.772461 1212.565186
1073741823 150000000 1295.315308 3.472768 115.801920 0.310706  1298.100098 1298.121582 1296.156006 1290.810547 1296.041260 1301.143555 1296.237671 1289.157959 1292.042480 1295.341919
1073741823 160000000 1380.765527 2.509901 115.877748 0.210511  1378.923706 1385.772217 1377.134521 1383.004395 1381.556885 1382.572266 1381.136475 1377.582397 1380.680786 1379.291626
1073741823 170000000 1468.106201 1.808277 115.795438 0.142749  1469.653809 1466.893188 1468.462524 1465.119995 1469.596680 1470.536255 1468.880859 1468.637329 1464.840210 1468.441162
1073741823 180000000 1552.712341 2.279167 115.926173 0.170183  1553.320190 1553.131958 1549.269531 1549.858643 1551.507324 1555.838135 1555.494019 1555.315186 1553.035034 1550.353394
1073741823 190000000 1638.817261 2.184866 115.937270 0.154490  1638.248779 1635.650757 1638.173950 1639.310425 1638.990234 1635.798950 1640.443848 1643.310791 1637.611572 1640.633301
1073741823 200000000 1724.578625 3.614186 115.970358 0.243103  1727.257812 1719.081909 1723.418701 1721.526001 1719.616455 1728.727905 1725.999634 1727.342041 1722.916504 1729.899292
1073741823 210000000 1807.878931 3.901637 116.158221 0.251027  1803.394287 1814.131592 1810.040527 1806.879517 1806.946411 1808.480713 1811.056519 1810.405029 1807.920654 1799.534058
1073741823 220000000 1896.202527 3.922840 116.021362 0.240388  1895.424927 1898.946899 1898.828613 1901.947388 1898.274536 1891.069580 1888.068848 1897.940918 1897.441528 1894.082031
1073741823 230000000 1981.950244 3.365820 116.047313 0.197129  1977.749390 1981.824219 1984.222046 1983.282837 1987.659912 1975.980713 1985.587280 1981.989258 1981.943970 1979.262817
1073741823 240000000 2069.811597 5.019780 115.952583 0.281630  2072.703857 2072.040527 2061.792725 2069.534424 2068.477783 2073.047607 2077.012207 2060.557129 2074.556396 2068.393311
1073741823 250000000 2154.386230 4.925751 116.042331 0.265338  2150.102295 2161.445801 2149.498047 2160.432373 2150.922852 2158.712646 2153.386475 2146.332275 2158.558105 2154.471436
1073741823 260000000 2238.897437 3.708369 116.128589 0.192733  2240.058594 2241.068115 2236.278564 2237.579346 2238.126465 2241.454834 2239.867188 2240.665771 2244.148193 2229.727295
1073741823 270000000 2328.196338 3.240182 115.969601 0.161295  2324.265137 2327.550293 2331.748291 2329.057617 2325.667969 2326.605957 2332.957764 2326.160645 2324.569824 2333.379883
1073741823 280000000 2413.380591 5.118849 116.019828 0.245966  2417.973145 2411.830566 2407.589355 2406.206543 2413.730713 2421.717773 2411.222900 2415.006836 2408.138916 2420.389160
1073741823 290000000 2500.258643 4.244622 115.988000 0.197240  2504.003906 2504.751465 2501.423828 2498.771240 2500.780762 2503.338379 2496.593750 2497.940674 2490.473145 2504.509277
1073741823 300000000 2589.287061 4.531505 115.862009 0.202883  2581.578857 2589.813477 2590.834473 2594.337646 2594.416992 2585.492188 2589.324463 2588.900635 2595.282715 2582.889160
1073741823 310000000 2673.995972 6.166141 115.931364 0.267912  2677.693359 2677.526855 2675.957275 2667.651123 2679.057129 2671.114746 2680.639893 2670.355713 2679.636719 2660.326904
1073741823 320000000 2759.600488 4.569130 115.958814 0.192328  2759.945557 2751.357178 2762.989746 2764.071777 2764.375977 2760.855225 2750.771973 2759.744873 2759.670898 2762.221680
1073741823 330000000 2841.101758 3.844734 116.152123 0.157290  2844.817139 2846.801514 2833.223145 2839.685547 2838.040039 2837.665283 2844.266357 2840.871094 2842.457275 2843.190186
1073741823 340000000 2929.398926 6.429305 116.064766 0.255013  2936.111084 2933.041016 2917.435059 2925.699707 2927.519287 2935.903320 2934.814209 2921.002441 2926.444092 2936.019043
1073741823 350000000 3017.678906 4.421828 115.983181 0.170178  3019.739746 3021.431641 3017.066650 3016.541260 3010.331787 3008.974365 3023.325928 3019.605469 3019.420654 3020.351562
1073741823 360000000 3102.397827 4.904514 116.039277 0.183336  3095.419678 3100.378174 3101.375488 3105.646729 3099.660889 3096.075439 3107.665771 3105.026123 3111.958252 3100.771729
1073741823 370000000 3190.065015 6.248802 115.985097 0.227854  3188.002197 3190.756348 3185.109619 3192.395508 3196.386475 3194.463135 3191.695312 3174.133789 3191.479248 3196.228516
1073741823 380000000 3276.385815 5.081928 115.981457 0.180041  3266.457275 3280.188965 3275.633301 3273.405518 3280.254883 3284.269775 3279.778320 3276.868164 3269.611328 3277.390625
1073741823 390000000 3362.278369 3.732309 115.992775 0.128827  3363.727051 3366.603027 3364.533203 3362.135010 3360.042236 3367.671143 3360.461914 3358.564941 3354.673096 3364.372070
1073741823 400000000 3449.690356 4.256482 115.952436 0.143144  3449.753174 3447.402588 3440.764404 3448.775391 3451.922363 3456.924805 3449.651611 3452.331787 3445.743408 3453.634033
1073741823 410000000 3531.747437 6.671302 116.089841 0.219468  3538.041260 3537.074463 3530.053711 3535.519531 3528.947266 3519.296143 3539.424561 3538.856689 3524.973145 3525.287598
1073741823 420000000 3624.986572 3.377855 115.862498 0.107984  3618.409668 3624.112549 3624.990234 3626.706787 3625.722656 3626.796387 3627.880371 3621.478027 3631.092529 3622.676514
1073741823 430000000 3709.972559 5.532326 115.903822 0.172373  3710.023193 3725.029785 3711.679688 3707.829346 3704.065430 3708.359863 3711.163330 3705.343262 3706.599609 3709.632080
1073741823 440000000 3793.034424 6.845084 116.002111 0.209788  3797.561279 3793.811035 3798.659912 3792.671143 3799.268799 3793.164307 3781.642090 3796.833496 3778.645264 3798.086914
1073741823 450000000 3886.701562 9.197393 115.779406 0.274021  3877.019043 3889.738037 3880.810547 3875.279541 3874.063965 3883.205811 3898.301025 3896.869629 3895.777100 3895.950928
1073741823 460000000 3973.753955 12.864736 115.759558 0.375429  3981.775879 3980.476318 3989.467773 3986.177979 3987.541260 3967.654541 3947.522705 3968.838379 3961.211426 3966.873291
1073741823 470000000 4049.883618 5.813671 116.052718 0.166746  4049.863525 4055.055664 4049.280518 4037.257812 4048.501709 4054.866211 4046.420410 4054.180420 4045.085449 4058.324463
1073741823 480000000 4136.701709 5.144651 116.034472 0.144507  4139.198730 4129.162598 4140.554688 4138.772461 4141.265625 4138.200684 4141.049316 4125.701660 4133.437500 4139.673828
1073741823 490000000 4226.151465 5.473065 115.944732 0.150351  4227.314941 4229.614258 4231.824219 4225.891113 4216.982422 4229.685059 4215.258301 4230.049316 4224.270996 4230.624023
1073741823 500000000 4309.627197 9.967879 116.019316 0.268728  4312.281738 4292.865234 4316.925781 4314.376953 4296.686523 4317.205566 4295.739746 4323.086426 4313.422363 4313.681641
1073741823 510000000 4391.817334 9.562555 116.125048 0.253171  4388.631348 4401.023926 4382.830078 4372.300781 4397.253906 4404.570312 4400.656738 4383.117676 4395.160156 4392.628418
1073741823 520000000 4479.908154 6.360180 116.073808 0.164843  4485.339844 4489.892090 4470.555176 4485.934570 4479.309082 4480.311035 4483.679688 4480.557129 4473.038086 4470.464844
1073741823 530000000 4571.188770 7.840843 115.943582 0.199286  4568.910156 4569.798340 4551.403320 4575.061035 4580.206055 4571.805664 4581.865723 4571.528809 4569.100586 4572.208008
1073741823 540000000 4650.021289 7.633091 116.128501 0.190828  4658.061035 4653.220215 4648.512695 4655.083496 4655.975098 4657.612305 4639.081543 4636.797363 4654.397461 4641.471680
1073741823 550000000 4743.317139 7.476566 115.952610 0.182921  4755.081055 4739.347168 4747.632324 4745.548828 4727.171875 4751.595215 4737.752930 4739.545898 4743.572266 4745.923828
1073741823 560000000 4828.132666 8.427230 115.986871 0.202834  4836.319336 4808.610352 4823.963867 4829.648926 4818.963867 4828.952148 4834.130859 4829.685059 4833.300293 4837.751953
1073741823 570000000 4911.932813 9.403399 116.043933 0.222842  4887.883789 4917.967773 4914.685059 4912.868164 4915.652832 4912.053223 4916.763184 4902.102539 4917.767090 4921.584473
1073741823 580000000 5004.097949 3.682026 115.905005 0.085253  5003.759277 5012.097656 5002.672363 5006.728516 4997.521973 5002.046875 5004.648438 5002.327637 5002.228027 5006.948730
1073741823 590000000 5085.505420 8.019523 116.016001 0.183516  5083.616699 5087.610840 5090.584473 5089.563477 5088.729004 5081.921387 5093.145020 5086.311523 5063.396484 5090.175293
1073741823 600000000 5171.352490 8.709627 116.023806 0.195806  5178.909180 5176.148926 5178.954102 5170.716309 5172.181152 5155.784180 5177.889160 5174.019531 5153.681641 5175.240723
1073741823 610000000 5259.109863 7.228015 115.989210 0.159683  5261.489746 5254.896973 5241.234375 5266.082031 5268.237305 5257.415039 5261.184570 5261.983398 5255.282715 5263.292480
1073741823 620000000 5347.232617 4.509944 115.947827 0.097907  5350.875488 5349.519531 5346.919434 5335.797363 5346.462891 5344.103516 5352.669434 5350.048828 5349.559570 5346.370117
1073741823 630000000 5430.633154 7.081620 116.008572 0.151641  5430.869141 5436.133301 5429.070312 5411.283203 5437.763672 5436.130371 5433.541992 5428.983887 5430.488281 5432.067383
1073741823 640000000 5519.348486 8.543934 115.955715 0.180078  5525.852051 5520.402832 5517.850098 5495.288574 5520.728516 5520.409180 5526.142578 5520.228516 5519.798340 5526.784180
1073741823 650000000 5605.277246 5.796196 115.962150 0.120064  5609.612305 5609.516602 5603.982422 5612.464355 5604.890625 5609.116699 5591.009766 5601.240723 5603.119629 5607.819336
1073741823 660000000 5690.552832 3.773153 115.981702 0.076875  5691.473145 5690.854492 5686.494629 5687.094727 5689.375000 5697.362305 5686.874512 5696.114746 5686.777344 5693.107422
1073741823 670000000 5777.754687 2.750043 115.962002 0.055175  5776.929688 5779.845215 5783.842285 5777.721680 5778.486328 5774.038086 5775.415527 5776.723633 5779.738770 5774.805664
1073741823 680000000 5859.302051 2.406611 116.054778 0.047665  5861.023926 5855.486328 5859.198242 5858.378418 5857.696289 5862.625488 5856.935547 5857.506836 5862.978027 5861.191406
1073741823 690000000 5949.828320 3.347382 115.969733 0.065254  5949.427734 5952.380859 5948.015137 5954.833008 5944.355469 5950.421387 5948.204102 5944.832520 5952.599121 5953.213867
1073741823 700000000 6033.234766 2.974417 116.023995 0.057213  6034.824707 6028.421875 6036.920898 6035.226074 6029.334961 6035.409668 6036.312500 6029.686035 6034.368164 6031.842773
1073741823 710000000 6121.776123 4.279523 115.979413 0.081058  6120.284668 6117.666504 6124.379883 6129.897949 6120.276367 6126.838379 6123.333496 6115.610352 6117.030273 6122.443359
1073741823 720000000 6203.183984 3.659514 116.069425 0.068515  6206.601074 6202.425781 6205.410645 6194.360840 6200.311035 6203.256836 6203.905273 6203.206055 6208.642578 6203.719727
1073741823 730000000 6291.761279 2.987248 116.024745 0.055110  6296.793457 6284.569824 6290.438965 6293.026855 6293.550781 6291.945801 6290.499023 6293.263672 6292.700195 6290.824219
1073741823 740000000 6382.197998 4.117829 115.947515 0.074814  6381.646973 6383.541016 6384.008789 6386.534668 6379.416504 6375.217285 6376.619629 6381.297852 6384.229492 6389.467773
1073741823 750000000 6464.611182 4.284867 116.016258 0.076915  6458.867188 6471.117188 6464.286133 6469.481445 6466.249023 6466.483887 6467.413086 6456.879883 6463.908203 6461.425781
1073741823 760000000 6553.047949 4.251451 115.976566 0.075227  6547.688965 6552.175781 6557.201660 6553.458984 6560.097656 6548.420898 6549.875488 6553.925781 6558.853027 6548.781250
1073741823 770000000 6635.890479 9.080627 116.035670 0.159309  6641.991699 6638.949707 6640.317383 6609.405762 6636.421875 6638.229980 6640.645996 6634.563477 6637.599121 6640.779785
1073741823 780000000 6726.026123 2.361371 115.967435 0.040702  6730.048340 6726.845215 6723.989258 6723.678223 6725.160156 6724.374512 6724.477539 6727.241211 6730.308105 6724.138672
1073741823 790000000 6809.672705 4.480861 116.011449 0.076296  6803.664062 6805.457031 6807.192871 6816.240234 6807.711426 6818.861816 6811.145020 6807.327637 6810.470703 6808.656250
1073741823 800000000 6894.685986 5.303976 116.031390 0.089202  6894.237305 6892.126465 6896.725098 6893.592773 6893.681152 6889.639648 6889.069824 6889.334961 6904.741211 6903.711426
End => Query Binary Search with fixedN

Start => Query BST with fixedN
1073741823 1000000 5.809222 0.018328 172.140078 0.543805  5.798720 5.773024 5.788128 5.827712 5.817376 5.817056 5.837984 5.805184 5.821984 5.805056
1073741823 10000000 59.186608 0.116457 168.957139 0.332492  59.222912 59.223423 59.229218 59.007874 59.387550 59.131744 59.284481 59.279137 59.038368 59.061375
1073741823 20000000 118.515382 0.344987 168.754467 0.491774  118.521667 118.474754 117.818977 118.352348 118.422592 118.146652 118.797821 119.086845 118.778305 118.753853
1073741823 30000000 176.899454 0.372563 169.587861 0.357503  177.039169 177.246597 177.518555 176.695847 176.167648 176.408188 177.090469 176.993637 176.931137 176.903290
1073741823 40000000 234.063118 0.989722 170.894075 0.722591  234.946503 233.554977 235.863708 234.206375 234.481567 232.413406 233.154236 232.952896 234.299271 234.758240
1073741823 50000000 290.134732 1.353513 172.333728 0.805069  288.792999 291.394012 288.312805 290.788605 292.208801 290.155884 290.954590 291.138824 289.706909 287.893890
1073741823 60000000 346.472537 1.848591 173.173899 0.922338  347.950867 346.404053 347.335541 343.975220 345.682068 345.516724 350.319702 347.329254 343.657990 346.553955
1073741823 70000000 399.744147 1.947208 175.112007 0.853628  400.062592 403.266235 400.392761 395.835388 402.070587 399.046143 399.947784 399.853516 397.945740 399.020721
1073741823 80000000 455.932996 2.454591 175.464379 0.945673  452.017334 454.006012 452.528870 455.738098 458.821869 457.334381 457.344513 454.570740 459.580627 457.387512
1073741823 90000000 508.423419 2.495431 177.017810 0.868126  505.642487 505.422791 508.589203 505.687683 512.101685 506.624359 507.279388 511.596619 510.583130 510.706848
1073741823 100000000 564.399609 2.531377 177.179428 0.794669  562.261230 564.594482 568.574280 562.939453 567.262146 565.689758 563.422180 562.552734 566.776245 559.923584
1073741823 110000000 620.603003 3.297209 177.246967 0.946423  621.852905 623.697693 616.599548 620.998230 622.310974 624.931824 620.132385 622.753357 619.472168 613.280945
1073741823 120000000 672.115955 2.597467 178.540621 0.692551  674.307556 673.648132 672.686157 673.796997 668.466370 673.495911 666.904541 674.526794 673.732666 669.594421
1073741823 130000000 726.938922 2.933419 178.832081 0.720363  732.220337 723.002380 723.549316 724.843384 731.346924 726.561157 728.033203 727.475891 727.688782 724.667847
1073741823 140000000 788.662292 2.912736 177.515777 0.655341  788.030029 786.986633 786.436584 793.101868 787.870972 783.365601 789.867065 793.379517 790.300720 787.283936
1073741823 150000000 834.496716 2.695135 179.749060 0.580408  833.584229 830.780457 838.911926 834.930969 834.377991 830.901001 835.499756 831.589539 838.014832 836.376465
1073741823 160000000 891.581494 2.837447 179.456394 0.570561  893.995605 888.268921 892.640503 894.465576 888.845825 888.804260 890.477966 896.736084 888.550293 893.029907
1073741823 170000000 944.422565 3.789344 180.004170 0.720764  940.954590 948.747925 948.085999 951.310425 941.114441 941.558533 943.707458 940.778259 940.928772 947.039246
1073741823 180000000 998.550690 3.130597 180.261254 0.565387  996.824158 1002.067078 1003.470886 1001.648010 996.919128 992.617493 997.894653 995.940918 1000.332947 997.791626
1073741823 190000000 1052.785803 5.266680 180.473558 0.901498  1045.241943 1053.648315 1055.394897 1054.499268 1064.022827 1048.328857 1053.597168 1053.726196 1045.048950 1054.349609
1073741823 200000000 1106.051868 3.936047 180.823346 0.642047  1105.861938 1106.654663 1112.969238 1104.518066 1105.992676 1104.133789 1100.682373 1105.453369 1113.005981 1101.246582
1073741823 210000000 1162.864197 3.793909 180.588585 0.589091  1160.655029 1160.077271 1168.800781 1162.478882 1158.763306 1163.837402 1156.543945 1163.173706 1166.363159 1167.948486
1073741823 220000000 1217.897351 2.940486 180.639197 0.436154  1215.434082 1218.216919 1219.130127 1216.125977 1212.386719 1223.240723 1219.741943 1216.067017 1221.039307 1217.590698
1073741823 230000000 1271.961890 3.060228 180.823028 0.434564  1267.968750 1275.775146 1270.434204 1277.051758 1270.179443 1269.159546 1269.479492 1275.802612 1273.102051 1270.665894
1073741823 240000000 1325.430664 6.058530 181.073221 0.829082  1321.451904 1328.966675 1324.318604 1328.198242 1322.713013 1312.714233 1322.033081 1332.500732 1335.372314 1326.037842
1073741823 250000000 1379.201294 5.051759 181.264331 0.665118  1379.641357 1374.314575 1368.437134 1377.032104 1381.279541 1378.234619 1385.349976 1379.879272 1380.570801 1387.273560
1073741823 260000000 1432.619006 4.908321 181.485795 0.620688  1427.461548 1427.588013 1435.197266 1432.569946 1441.896240 1437.020752 1429.586182 1428.133301 1438.188721 1428.548096
1073741823 270000000 1487.602356 3.408987 181.500116 0.415499  1487.505493 1491.339111 1485.157715 1491.574951 1487.116577 1483.233521 1483.867432 1493.818481 1484.677979 1487.732300
1073741823 280000000 1540.897510 4.562380 181.712280 0.538122  1533.152466 1546.389648 1540.330078 1541.812866 1548.821045 1541.147583 1534.529175 1543.738159 1538.627686 1540.426392
1073741823 290000000 1595.913513 4.635846 181.714108 0.527286  1597.220825 1596.980591 1590.307251 1599.859375 1603.621216 1602.555908 1591.034790 1593.103271 1591.077637 1593.374268
1073741823 300000000 1650.329602 4.818313 181.781869 0.529739  1643.039429 1650.397217 1655.866821 1647.448975 1649.902222 1645.852661 1660.489990 1647.963623 1648.977783 1653.357300
1073741823 310000000 1701.561096 3.289710 182.185642 0.352747  1700.949097 1695.677734 1700.104858 1695.857910 1703.045410 1702.816895 1704.706665 1704.476929 1702.465820 1705.509644
1073741823 320000000 1755.772070 4.843146 182.256003 0.502657  1759.513062 1762.838989 1749.226196 1750.566528 1750.591431 1757.415405 1762.571777 1757.679199 1751.175537 1756.142578
1073741823 330000000 1811.545776 6.190775 182.164870 0.621312  1813.482544 1803.570801 1817.307373 1812.088867 1804.044434 1811.188110 1810.947754 1824.954712 1812.951782 1804.921387
1073741823 340000000 1863.776941 4.925352 182.425264 0.482681  1867.830444 1858.841064 1868.344482 1870.032104 1857.871216 1866.502686 1867.615234 1854.951660 1861.260864 1864.519653
1073741823 350000000 1919.731921 6.158031 182.317123 0.585057  1923.618286 1918.268433 1921.594482 1926.671509 1907.231201 1930.919312 1918.508057 1915.829468 1917.946777 1916.731689
1073741823 360000000 1973.733862 4.487180 182.395411 0.414333  1973.914795 1968.807983 1969.061646 1973.704956 1980.417236 1973.048340 1981.600220 1972.979858 1976.425171 1967.378418
1073741823 370000000 2028.156506 4.259519 182.431681 0.383513  2027.812134 2034.072266 2027.061035 2032.515991 2019.993286 2030.934204 2023.809814 2031.492920 2029.999390 2023.874023
1073741823 380000000 2081.368628 6.084871 182.572176 0.534051  2074.344727 2084.136230 2082.064209 2087.183350 2078.500244 2089.600586 2088.735107 2083.377930 2072.494629 2073.249268
1073741823 390000000 2135.351855 5.855652 182.639690 0.500539  2134.222168 2125.680664 2131.785645 2135.163086 2140.651855 2132.338623 2136.814453 2146.271973 2141.490234 2129.099854
1073741823 400000000 2192.163086 8.381110 182.468176 0.694701  2183.404541 2210.592041 2193.253174 2187.210938 2188.987793 2204.245361 2186.972412 2188.916016 2184.170166 2193.878418
1073741823 410000000 2244.718506 5.875899 182.650964 0.477941  2254.579346 2235.990234 2237.881592 2247.685059 2252.637451 2248.263184 2243.509766 2238.519287 2243.695557 2244.423584
1073741823 420000000 2297.917310 7.580399 182.774201 0.602437  2310.494141 2288.562744 2295.808838 2300.040527 2288.943115 2292.802246 2289.915771 2300.356689 2304.051514 2308.197510
1073741823 430000000 2352.809521 7.349665 182.760226 0.570613  2355.044189 2352.229248 2345.395020 2339.670898 2348.302246 2351.690918 2354.931641 2362.589844 2351.845215 2366.395996
1073741823 440000000 2407.137305 5.286559 182.789739 0.401176  2414.124023 2401.717529 2402.262695 2408.270020 2406.722412 2417.211914 2407.774414 2406.851562 2398.561768 2407.876709
1073741823 450000000 2466.829126 12.893229 182.420418 0.947267  2454.527100 2454.784424 2497.812500 2465.763428 2461.557617 2456.772949 2459.585938 2464.042236 2479.879150 2473.565918
1073741823 460000000 2517.181445 9.134413 182.744077 0.663809  2525.146240 2526.708008 2528.101074 2514.209473 2507.972412 2503.961426 2521.763672 2513.917236 2503.803223 2526.231689
1073741823 470000000 2568.037695 7.347884 183.019120 0.524389  2564.305664 2576.720703 2554.993408 2556.838379 2568.341309 2565.969727 2577.175537 2568.482666 2573.027100 2574.522461
1073741823 480000000 2624.793188 4.962477 182.871550 0.345838  2618.640625 2630.380371 2626.163574 2628.836670 2624.191895 2619.225342 2623.307129 2627.825928 2617.058838 2632.301514
1073741823 490000000 2677.288916 5.610638 183.020965 0.383836  2679.385010 2681.435303 2681.816406 2674.241211 2677.689697 2666.206055 2680.248779 2671.549561 2673.745361 2686.571777
1073741823 500000000 2733.637402 5.735754 182.906482 0.384183  2723.362793 2726.542969 2727.757812 2739.390137 2736.992188 2740.038818 2731.067383 2737.504150 2739.191406 2734.526367
1073741823 510000000 2785.279077 6.065603 183.105529 0.399062  2788.592041 2779.062256 2781.719482 2790.350586 2773.593750 2790.689941 2780.851074 2786.163086 2794.811768 2786.956787
1073741823 520000000 2838.178906 6.614694 183.216075 0.426719  2843.450439 2832.892334 2840.570312 2834.711914 2837.421387 2836.865723 2849.812744 2830.845459 2846.882812 2828.335938
1073741823 530000000 2893.596753 6.882257 183.163048 0.436834  2876.411621 2896.265381 2893.402832 2893.686035 2889.616211 2893.799805 2898.105713 2897.745850 2904.395264 2892.538818
1073741823 540000000 2948.664600 7.697241 183.133748 0.476634  2942.573975 2944.295410 2966.420654 2946.405762 2946.433838 2956.375977 2945.604980 2940.598877 2955.167725 2942.768799
1073741823 550000000 3007.948779 5.227019 182.848858 0.317754  2999.408203 3007.427246 3002.697021 3008.856689 3016.409180 3014.969482 3010.899414 3007.283447 3009.773193 3001.763916
1073741823 560000000 3058.277393 5.101853 183.109616 0.305337  3065.383545 3057.698242 3051.344971 3054.656494 3061.222900 3055.375244 3051.365967 3057.922852 3067.066162 3060.737549
1073741823 570000000 3112.298828 5.788907 183.144367 0.340775  3117.087891 3114.855713 3113.131104 3122.571533 3113.982178 3114.751465 3106.434326 3113.094238 3102.512939 3104.566895
1073741823 580000000 3164.171069 6.340093 183.302352 0.367262  3174.410400 3159.799072 3172.671387 3162.549561 3164.288818 3153.059570 3169.845947 3157.392334 3164.646729 3163.046875
1073741823 590000000 3215.140845 4.482238 183.506735 0.255597  3214.391357 3217.183105 3225.062012 3208.710449 3211.124268 3216.502197 3216.903320 3218.192627 3210.698242 3212.640869
1073741823 600000000 3274.033325 5.863137 183.260199 0.328006  3269.371826 3267.498291 3278.250977 3274.760010 3279.689453 3272.023193 3285.128174 3270.234863 3277.871094 3265.505371
1073741823 610000000 3327.927612 7.784664 183.297256 0.428513  3322.247559 3326.030518 3314.605225 3332.693115 3333.344238 3335.998291 3322.363770 3323.539551 3342.768066 3325.685791
1073741823 620000000 3381.254980 6.684566 183.363870 0.363043  3386.945801 3386.754639 3385.904053 3387.079834 3381.674072 3381.587891 3387.385254 3368.829102 3374.990479 3371.398682
1073741823 630000000 3433.121216 8.219442 183.506483 0.438960  3448.145752 3429.362549 3426.020996 3444.282959 3420.138184 3427.010986 3432.631348 3436.083252 3438.510742 3429.025391
1073741823 640000000 3483.528394 7.218165 183.721769 0.380784  3473.217773 3488.819824 3489.786377 3478.353027 3480.307617 3492.557373 3491.178955 3490.016846 3475.705811 3475.340332
1073741823 650000000 3541.379224 9.271940 183.544308 0.480072  3545.254883 3537.037598 3532.590576 3535.545166 3535.913818 3544.075195 3526.746338 3559.177246 3544.334229 3553.117188
1073741823 660000000 3592.021704 10.036185 183.740538 0.512272  3589.170654 3598.544922 3585.312012 3585.823242 3589.222900 3582.053467 3608.093506 3579.868164 3591.154785 3610.973389
1073741823 670000000 3641.318726 5.341975 183.999273 0.269898  3639.077637 3648.470947 3640.007080 3636.813232 3639.531982 3650.252441 3637.937256 3631.818604 3644.174805 3645.103271
1073741823 680000000 3699.513770 8.376455 183.807939 0.415742  3697.893799 3702.079102 3701.744141 3692.554443 3694.082275 3697.449951 3715.196045 3696.190674 3712.159180 3685.788086
1073741823 690000000 3755.959058 5.497447 183.708073 0.269372  3757.789795 3762.333008 3758.138672 3756.533203 3742.558350 3752.745850 3760.269043 3760.996338 3751.614014 3756.612305
1073741823 700000000 3806.465796 8.828085 183.897620 0.426756  3816.833496 3813.083496 3795.049561 3812.808594 3807.486328 3790.776855 3803.157471 3805.059814 3800.995361 3819.406982
1073741823 710000000 3864.351343 5.528966 183.730706 0.262487  3860.089111 3857.788086 3862.227539 3872.162598 3861.432129 3865.276855 3861.451416 3876.378906 3860.662354 3866.044434
1073741823 720000000 3921.122754 9.536755 183.620877 0.447102  3922.941895 3930.106445 3920.969482 3935.320068 3907.439453 3923.495850 3930.328613 3921.523926 3915.808105 3903.293701
1073741823 730000000 3976.800244 7.522174 183.564664 0.347158  3975.929932 3980.645752 3963.560791 3975.551270 3986.562500 3970.640625 3989.625000 3970.944580 3972.743652 3981.798340
1073741823 740000000 4026.467187 5.259235 183.783939 0.240168  4027.406006 4030.041504 4016.232178 4024.694336 4027.087402 4025.281250 4019.457764 4035.663330 4030.475830 4028.332275
1073741823 750000000 4082.956958 9.958449 183.690401 0.447068  4093.920410 4081.351562 4087.982422 4072.219482 4105.170410 4070.565430 4075.796143 4080.901123 4077.928223 4083.734375
1073741823 760000000 4137.643018 6.025442 183.679452 0.267442  4144.743164 4145.597656 4131.300293 4141.021484 4137.680176 4129.268555 4130.838379 4145.804199 4135.991211 4134.185059
1073741823 770000000 4191.114551 3.479843 183.722013 0.152470  4187.491699 4186.976562 4188.422852 4190.033203 4194.087402 4191.540039 4196.574219 4190.547852 4188.375488 4197.096191
1073741823 780000000 4247.455664 6.388282 183.639351 0.276332  4246.714844 4247.690918 4249.278320 4257.559082 4255.984375 4248.764160 4248.645996 4239.010254 4235.122070 4245.786621
1073741823 790000000 4297.781006 5.347818 183.815787 0.228516  4295.080566 4300.186523 4306.225098 4307.905273 4293.849121 4291.095703 4299.623535 4296.227051 4294.699219 4292.917969
1073741823 800000000 4354.631006 7.627381 183.712466 0.321730  4356.012207 4351.238281 4369.088867 4345.089355 4357.585938 4353.728516 4341.520996 4351.490723 4362.849609 4357.705566
End => Query BST with fixedN

Start => Query B Tree with fixedN
1073741823 1000000 2.960064 0.006246 337.830533 0.712225  2.970880 2.967360 2.958944 2.959136 2.968000 2.954144 2.953248 2.959904 2.952096 2.956928
1073741823 10000000 29.476272 0.012750 339.255927 0.146743  29.488224 29.489088 29.479263 29.476353 29.476065 29.462976 29.468000 29.499359 29.454399 29.468992
1073741823 20000000 58.904372 0.024807 339.533373 0.142951  58.880898 58.896191 58.895519 58.885761 58.900673 58.871902 58.932224 58.951393 58.935169 58.893986
1073741823 30000000 88.744402 0.124935 338.049491 0.476810  88.466270 88.544960 88.760574 88.796989 88.807457 88.831169 88.856735 88.737953 88.825500 88.816414
1073741823 40000000 118.876038 0.093801 336.484970 0.265637  118.675842 118.847389 118.796448 118.854111 118.971710 118.818718 118.970848 118.885857 118.994141 118.945312
1073741823 50000000 148.946997 0.199088 335.689883 0.449867  149.113403 148.945282 148.396576 148.969849 148.891586 148.904449 149.041061 149.133087 149.053116 149.021561
1073741823 60000000 179.096948 0.137778 335.014084 0.257623  179.120895 179.014236 179.205887 179.032639 179.041656 179.051865 179.301727 179.343643 178.958084 178.898849
1073741823 70000000 209.112144 0.120917 334.748611 0.193581  209.095581 209.064636 209.296127 209.069626 208.985947 209.193863 209.129883 208.879486 209.118271 209.288025
1073741823 80000000 239.163356 0.193913 334.499404 0.271235  239.238235 239.469086 239.179047 238.868698 239.161255 238.933914 239.355103 239.365479 238.920090 239.142654
1073741823 90000000 269.447653 0.577977 334.016641 0.714424  270.600800 269.083588 269.251434 269.367004 268.906830 269.264679 269.142883 269.105377 269.195557 270.558380
1073741823 100000000 298.811774 0.974453 334.658835 1.093497  297.407898 299.174469 300.092346 299.113068 299.358826 299.233063 297.355286 299.282043 299.713684 297.387054
1073741823 110000000 329.654807 0.796873 333.682379 0.804511  329.147339 328.752747 329.528717 329.353210 329.901031 329.156067 331.204895 329.248962 331.088837 329.166260
1073741823 120000000 358.875845 1.738632 334.377478 1.619049  361.677673 358.391815 360.099121 357.374786 359.284271 357.214264 360.633759 356.606293 360.633972 356.842499
1073741823 130000000 388.473398 2.066303 334.643249 1.778560  389.710388 385.832947 389.619019 386.537842 391.712769 386.853088 390.636902 386.499634 390.584778 386.746613
1073741823 140000000 417.999036 1.801266 334.929002 1.443345  420.374084 416.167206 419.751556 416.399384 419.696411 416.013916 419.388763 415.782440 419.633942 416.782654
1073741823 150000000 447.236975 2.143831 335.392663 1.608552  449.390808 446.354462 449.411163 444.978729 449.059906 444.764160 449.285767 444.588928 449.511353 445.024475
1073741823 160000000 477.036908 2.623323 335.403817 1.844189  479.399048 474.355042 479.898041 474.803040 479.614258 474.752777 480.375580 473.963226 478.844666 474.363403
1073741823 170000000 506.723563 2.747088 335.488642 1.818080  509.334015 504.722015 509.466125 503.795959 510.677612 503.846924 508.586121 503.943909 509.007904 503.855042
1073741823 180000000 536.484528 2.566408 335.517598 1.600803  536.844116 539.695374 533.956848 535.513794 540.471924 534.207703 535.685242 540.317688 533.876587 534.276001
1073741823 190000000 565.957947 2.549664 335.713989 1.508577  569.696838 563.380615 565.488159 569.638855 563.541382 564.460571 569.586426 563.599915 564.017944 566.168762
1073741823 200000000 596.670428 2.735414 335.193417 1.536413  599.937500 600.524536 594.050415 594.218628 596.521362 598.584717 599.636963 593.190613 593.234314 596.805237
1073741823 210000000 625.250635 2.867358 335.865313 1.534907  630.039001 623.511475 623.381531 624.292908 628.786133 622.623108 623.163208 624.517639 629.710022 622.481323
1073741823 220000000 657.546777 3.403251 334.576957 1.735397  652.138000 652.503052 654.611145 655.424622 658.309509 659.037903 660.223572 661.503601 661.331421 660.384949
1073741823 230000000 687.726178 0.916285 334.435430 0.445684  688.827454 688.521545 687.462280 687.475098 688.902649 687.996948 688.508240 686.502258 686.503662 686.561646
1073741823 240000000 715.701929 2.873131 335.335131 1.344555  719.451111 720.567993 717.893677 717.616150 715.540588 714.876282 713.623230 712.834900 712.141235 712.474121
1073741823 250000000 741.199933 0.718784 337.290910 0.327028  742.189758 741.595459 741.257812 741.008667 741.914795 742.264038 740.260315 740.438110 740.534058 740.536316
1073741823 260000000 769.117084 0.759367 338.049961 0.333855  768.540527 769.382751 767.838684 769.229797 769.982788 769.359924 769.863159 770.173096 768.077637 768.722473
1073741823 270000000 798.881335 0.636822 337.972597 0.269431  798.913330 799.652100 799.298889 797.994507 798.258362 797.939880 798.734863 799.842651 799.399963 798.778809
1073741823 280000000 828.082904 0.559797 338.130396 0.228496  829.097717 827.705139 828.141174 827.628601 828.099426 828.215088 827.407043 828.974121 827.393372 828.167358
1073741823 290000000 858.009381 0.593543 337.991643 0.233862  858.107117 858.537720 858.059204 857.530518 856.749878 858.438232 857.800842 859.086426 857.868652 857.915222
1073741823 300000000 887.364111 0.406063 338.079934 0.154719  887.419250 887.039185 887.484253 886.610291 887.967834 887.965637 887.527771 886.912354 887.345032 887.369507
1073741823 310000000 918.476733 0.947634 337.515354 0.348218  917.863281 919.783325 919.730286 916.797791 919.631104 918.112549 917.741211 918.070435 918.925842 918.111511
1073741823 320000000 951.725757 0.879785 336.231312 0.310793  952.568970 950.338135 952.242249 951.706482 953.407776 951.824646 951.161926 951.915405 951.645813 950.446167
1073741823 330000000 984.097113 1.353177 335.332759 0.461349  982.951843 981.341187 983.453552 983.273499 985.158936 984.393555 985.194519 983.765442 986.228699 985.209900
1073741823 340000000 1015.141895 0.760679 334.928547 0.250868  1015.900452 1014.673096 1014.761841 1014.155518 1014.927856 1014.906494 1016.634949 1014.234070 1015.984192 1015.240479
1073741823 350000000 1047.138232 2.272509 334.244314 0.725447  1046.692749 1049.087769 1046.012573 1042.577759 1047.870972 1047.443359 1047.393677 1047.532837 1045.097656 1051.672974
1073741823 360000000 1078.285669 2.225952 333.863289 0.688127  1080.855591 1075.488037 1077.377197 1078.963013 1076.943848 1078.714722 1083.149048 1078.040894 1077.859009 1075.465332
1073741823 370000000 1110.732373 2.230677 333.113547 0.669648  1111.093994 1111.732788 1112.290161 1107.269653 1111.169800 1108.388184 1111.496094 1107.106812 1113.975464 1112.800781
1073741823 380000000 1138.310510 3.115640 333.828069 0.913070  1136.178589 1135.249756 1140.756226 1143.540039 1142.650269 1139.244141 1135.354248 1133.733765 1137.744507 1138.653564
1073741823 390000000 1167.463611 1.901471 334.057521 0.543982  1164.285645 1167.305908 1169.227051 1165.456177 1169.589600 1166.119385 1168.156616 1167.247070 1170.785767 1166.462891
1073741823 400000000 1197.920496 1.880390 333.911976 0.523616  1195.750854 1197.991577 1198.165405 1197.113892 1201.723267 1196.113403 1200.153320 1195.881836 1199.371582 1196.939819
1073741823 410000000 1227.319592 2.395296 334.061318 0.650599  1227.300903 1228.038330 1223.596558 1227.538452 1227.511841 1226.909180 1226.307983 1227.731812 1233.313232 1224.947632
1073741823 420000000 1257.436865 2.367410 334.012793 0.628264  1254.542236 1255.833862 1254.955200 1255.895508 1260.793579 1255.863892 1256.976562 1261.498291 1259.778687 1258.230835
1073741823 430000000 1286.402759 2.685083 334.265452 0.697180  1285.612427 1290.567261 1283.509155 1283.802734 1288.586060 1283.722290 1288.296143 1290.380615 1285.857056 1283.693848
1073741823 440000000 1314.462524 1.794483 334.737577 0.457352  1315.255981 1317.160889 1316.298096 1315.317139 1314.935669 1314.920044 1313.953369 1311.012329 1311.740601 1314.031128
1073741823 450000000 1343.163184 2.155202 335.030029 0.537615  1343.451660 1343.913818 1342.367310 1346.227783 1340.325806 1344.871704 1339.577881 1342.188843 1342.332397 1346.374634
1073741823 460000000 1373.707422 2.004782 334.860242 0.489203  1372.619995 1372.683472 1376.979492 1373.541382 1369.114868 1375.425659 1374.443848 1372.921021 1374.955200 1374.389282
1073741823 470000000 1402.113696 1.815012 335.208194 0.434108  1403.723755 1401.523193 1401.894897 1404.227905 1403.430176 1401.249756 1400.203125 1398.572144 1401.633057 1404.678955
1073741823 480000000 1433.177002 2.815639 334.920250 0.656794  1432.104980 1431.754028 1435.979858 1431.116211 1439.233276 1430.229370 1431.122681 1433.371216 1436.098389 1430.760010
1073741823 490000000 1462.623511 1.846490 335.014442 0.422612  1462.117554 1466.109741 1465.386719 1461.469116 1460.106689 1462.790894 1460.629395 1463.794067 1461.969116 1461.861816
1073741823 500000000 1491.711157 2.326751 335.185533 0.522448  1491.307861 1491.095459 1490.977783 1490.671143 1492.110840 1491.706421 1492.464111 1487.092285 1492.573364 1497.112305
1073741823 510000000 1521.125391 3.091924 335.278080 0.680501  1518.362183 1521.295654 1519.402710 1522.540039 1523.990845 1517.575562 1527.726807 1518.893677 1518.155640 1523.310791
1073741823 520000000 1550.924963 2.924644 335.283790 0.630845  1550.488892 1550.333252 1547.231445 1552.194702 1548.152954 1552.906128 1548.934814 1551.435425 1549.453613 1558.118408
1073741823 530000000 1580.278455 2.355004 335.383931 0.500009  1579.685791 1582.141357 1583.670166 1578.306519 1580.627441 1579.676636 1582.567261 1577.512451 1576.061768 1582.535156
1073741823 540000000 1609.565210 2.307580 335.494329 0.480232  1608.449341 1607.014404 1610.526001 1611.519897 1607.467163 1608.730225 1607.293335 1610.042847 1615.066528 1609.542358
1073741823 550000000 1638.370801 2.061329 335.699342 0.422437  1638.326050 1638.468018 1638.556763 1640.953125 1635.947021 1640.583130 1635.198608 1641.229614 1635.784790 1638.660889
1073741823 560000000 1668.954700 2.060589 335.539365 0.414021  1673.331055 1669.226440 1670.838623 1668.444336 1666.502563 1669.612183 1666.300903 1666.585083 1669.398804 1669.307007
1073741823 570000000 1701.835779 3.038546 334.932434 0.597663  1701.786743 1701.293579 1699.427246 1701.016113 1698.620850 1707.279297 1705.651611 1701.340942 1704.797485 1697.143921
1073741823 580000000 1729.236060 2.402895 335.408227 0.466633  1726.848511 1728.048462 1723.883179 1731.329834 1731.387451 1728.841431 1729.873169 1731.891724 1731.498779 1728.758057
1073741823 590000000 1757.530969 2.043427 335.698210 0.390202  1756.470703 1756.452148 1758.832642 1761.674072 1759.616699 1756.748291 1753.632080 1756.884033 1757.608032 1757.390991
1073741823 600000000 1786.459888 1.783363 335.859766 0.335224  1787.465942 1785.231567 1786.649536 1784.787354 1785.232422 1788.727783 1788.091309 1789.327881 1785.425781 1783.659302
1073741823 610000000 1816.989783 2.243089 335.720105 0.414550  1813.281494 1819.630005 1820.049683 1816.031860 1813.831787 1816.951050 1815.877441 1816.394653 1819.282837 1818.567017
1073741823 620000000 1847.461035 2.293886 335.595711 0.416607  1845.319946 1845.316650 1850.231323 1847.210083 1850.357788 1846.073608 1847.380493 1843.866089 1847.890747 1850.963623
1073741823 630000000 1877.476318 1.979487 335.556829 0.353341  1876.198364 1875.736084 1876.796143 1877.083740 1875.708374 1875.775024 1877.061401 1882.092651 1879.772949 1878.538452
1073741823 640000000 1908.379041 1.838341 335.363147 0.322756  1908.215454 1907.174316 1908.305542 1908.101440 1906.788818 1910.998413 1912.327881 1908.814575 1906.186890 1906.877075
1073741823 650000000 1937.234448 1.512793 335.529858 0.261752  1936.599487 1938.775391 1940.925537 1936.319702 1936.696167 1937.822021 1935.333008 1936.762939 1936.200806 1936.909424
1073741823 660000000 1967.616589 1.177365 335.431203 0.200701  1967.875000 1965.983276 1965.653564 1968.576416 1967.720581 1968.434814 1967.649170 1967.186523 1969.916016 1967.170532
1073741823 670000000 2000.046448 2.513898 334.992220 0.420978  2000.123047 1999.818481 1996.248657 2002.883057 2001.161987 1997.238281 2004.420410 1997.621826 1998.718994 2002.229736
1073741823 680000000 2030.355859 1.776737 334.916659 0.293161  2030.283813 2027.708618 2030.418579 2033.012939 2030.617554 2028.919067 2027.395996 2032.062622 2030.962524 2032.176880
1073741823 690000000 2061.756445 2.748295 334.666105 0.446262  2062.530518 2056.533691 2058.143311 2060.461182 2062.059326 2066.626221 2061.567383 2064.515381 2062.851074 2062.276367
1073741823 700000000 2091.957422 2.274657 334.614841 0.363534  2088.848877 2090.870361 2092.821777 2096.940430 2089.768066 2092.227051 2094.395020 2092.584717 2090.879639 2090.238281
1073741823 710000000 2122.266772 2.644260 334.547951 0.416816  2125.333740 2119.929932 2118.661133 2123.196045 2122.014648 2124.451660 2123.794678 2119.893555 2118.953369 2126.438965
1073741823 720000000 2151.963159 2.702382 334.578218 0.419978  2147.836426 2153.301270 2149.397461 2151.355957 2152.755859 2153.284180 2150.398438 2149.355713 2154.654785 2157.291504
1073741823 730000000 2181.242725 1.897931 334.671603 0.291185  2179.243164 2182.768066 2180.510010 2181.578613 2178.731201 2184.647217 2178.551025 2182.810059 2182.441650 2181.146240
1073741823 740000000 2247.741895 50.294063 329.219294 7.206302  2209.631836 2214.068115 2213.839355 2209.965332 2214.616699 2287.121826 2336.463623 2340.619873 2224.856201 2226.236084
1073741823 750000000 2249.129590 3.791019 333.462333 0.561749  2246.949463 2256.229492 2248.799316 2251.779541 2253.168945 2244.505371 2246.389404 2251.784912 2247.792236 2243.897217
1073741823 760000000 2281.950464 27.914551 333.048422 3.951926  2273.815186 2280.757080 2280.811523 2364.672852 2270.983643 2272.229004 2268.420166 2269.439697 2269.490723 2268.884766
1073741823 770000000 2298.726538 2.238748 334.968074 0.326020  2301.444336 2298.869385 2296.709229 2296.413574 2298.889160 2298.778076 2299.587646 2303.407471 2297.427246 2295.739258
1073741823 780000000 2329.396655 2.885620 334.850657 0.414349  2327.353760 2329.936035 2326.806152 2330.461182 2330.690186 2330.442627 2325.745605 2336.173584 2326.451172 2329.906250
1073741823 790000000 2367.414844 15.250636 333.697325 2.117628  2357.583252 2362.063721 2361.185791 2359.277344 2359.412354 2366.167725 2360.626465 2364.349365 2411.626953 2371.855469
1073741823 800000000 2396.226392 2.963530 333.858271 0.413051  2394.765137 2398.468018 2400.088623 2399.441650 2398.966309 2393.799805 2395.575439 2397.535156 2392.483643 2391.140137
End => Query B Tree with fixedN

Start => Query MVEB with fixedN
1073741823 1000000 5.329293 0.015653 187.642157 0.551527  5.330720 5.309728 5.301184 5.339616 5.342304 5.321280 5.326208 5.350592 5.349632 5.321664
1073741823 10000000 53.494048 0.152733 186.936684 0.532943  53.774368 53.442017 53.390846 53.278305 53.475266 53.524223 53.474464 53.311394 53.735199 53.534401
1073741823 20000000 107.177197 0.277988 186.606859 0.480828  107.119133 107.072861 107.093155 107.029343 107.003586 108.001724 107.150307 107.090050 107.129570 107.082237
1073741823 30000000 160.911055 1.072849 186.438402 1.233998  159.851074 160.883331 159.965408 160.774307 160.738907 160.483200 162.981476 160.559814 159.970596 162.902435
1073741823 40000000 215.008551 1.467948 186.039112 1.258565  217.913116 214.417953 214.208099 214.465561 217.874374 214.605026 214.368103 213.557343 214.202850 214.473083
1073741823 50000000 270.944092 3.702368 184.539916 2.498971  267.975372 268.186371 268.162537 267.949341 268.230377 268.028290 272.272247 275.845886 277.591797 275.198700
1073741823 60000000 329.646802 1.433012 182.012990 0.789498  329.035339 328.094147 328.023438 328.744904 331.397705 331.978790 329.127075 328.443909 329.984131 331.638580
1073741823 70000000 384.355173 1.411513 182.123216 0.668359  383.767853 382.003113 385.121979 383.177429 387.084991 384.942139 383.627502 385.411346 385.344910 383.070465
1073741823 80000000 439.715961 1.594283 181.935629 0.658704  438.483948 439.181091 438.611084 437.698975 442.243164 437.861725 439.688019 442.091644 441.394989 439.904968
1073741823 90000000 489.539026 5.214528 183.846425 1.960612  490.879303 494.917297 494.494354 482.255157 489.637817 496.793945 483.495544 484.069427 494.139130 484.708282
1073741823 100000000 539.718542 3.809569 185.281757 1.289101  542.076172 538.552490 538.759705 550.353821 536.018127 538.353333 538.603210 538.295349 537.966492 538.206726
1073741823 110000000 592.927716 1.094523 185.520085 0.342027  592.296570 592.666382 594.986572 592.681274 591.879883 591.821289 591.787659 594.189026 592.653198 594.315308
1073741823 120000000 648.758496 3.662097 184.968676 1.041722  655.125305 647.219971 648.570312 643.474792 646.015442 645.762268 645.923157 653.355713 652.926575 649.211426
1073741823 130000000 699.854370 1.475543 185.752930 0.391570  699.283203 700.503662 699.842651 700.538025 700.039062 703.065308 699.237732 696.735229 699.747925 699.550903
1073741823 140000000 756.164093 5.932775 185.144999 1.440399  768.293579 753.601562 754.112122 753.467468 751.168457 766.176697 753.851318 758.151245 749.527588 753.290894
1073741823 150000000 806.565027 2.354766 185.973846 0.542610  804.227966 808.153137 803.696411 807.030334 806.765564 810.946533 803.075684 809.281433 806.313782 806.159424
1073741823 160000000 862.324585 6.583165 185.544982 1.415841  853.274841 863.209595 871.291382 854.030579 871.677673 856.881165 868.645264 856.991943 866.135803 861.107605
1073741823 170000000 915.964172 1.877076 185.596779 0.380396  918.268494 918.913757 912.833191 914.381653 916.698486 913.955933 914.595459 916.934509 915.863403 917.196838
1073741823 180000000 971.620245 5.114889 185.257564 0.966279  973.115417 969.731689 971.023499 971.765564 964.980835 971.644409 970.610168 968.815002 968.924194 985.591675
1073741823 190000000 1022.939020 3.389523 185.739322 0.612862  1022.373657 1020.803101 1021.917908 1018.278564 1031.399414 1021.221680 1024.860229 1021.177002 1022.126099 1025.232544
1073741823 200000000 1076.065112 5.738826 185.862359 0.985796  1073.989014 1077.125732 1087.177490 1086.196411 1072.070312 1072.283447 1077.509644 1072.246826 1070.839355 1071.212891
1073741823 210000000 1128.460022 2.548971 186.094320 0.420606  1128.338379 1130.529053 1125.966431 1124.209595 1125.639771 1129.719116 1130.737793 1126.562378 1131.134155 1131.763550
1073741823 220000000 1184.476929 4.607604 185.735994 0.719697  1178.901733 1184.514160 1188.863525 1183.982178 1179.994141 1185.053589 1183.671631 1184.705933 1195.345703 1179.736694
1073741823 230000000 1239.247546 2.581813 185.596494 0.385602  1238.911133 1244.644897 1237.770874 1238.370117 1237.531616 1237.131226 1239.060669 1243.878296 1237.753418 1237.423218
1073741823 240000000 1298.071204 6.193882 184.889704 0.878290  1292.506226 1298.658813 1291.748291 1301.756836 1297.500732 1299.642334 1312.845093 1300.188354 1296.127319 1289.738037
1073741823 250000000 1337.365063 5.716236 186.934747 0.802454  1341.159058 1341.021973 1339.041504 1339.969971 1334.827881 1342.016602 1336.154785 1330.470215 1344.389526 1324.599121
1073741823 260000000 1379.308496 4.350355 188.500253 0.591298  1378.454346 1391.238159 1377.261841 1378.696777 1379.596069 1373.033691 1378.663452 1379.399292 1378.310669 1378.430664
1073741823 270000000 1446.598193 7.203615 186.644779 0.938528  1427.018311 1441.019897 1445.932861 1451.493774 1452.464722 1449.475830 1449.251221 1449.849121 1449.733643 1449.742554
1073741823 280000000 1502.747693 3.958254 186.325357 0.490567  1503.576904 1501.984009 1503.216431 1502.767944 1503.824463 1504.191040 1501.881348 1511.512939 1494.600586 1499.921265
1073741823 290000000 1557.962256 11.586940 186.140581 1.369818  1554.741577 1584.811279 1546.525269 1552.297485 1556.194092 1551.399780 1551.562866 1553.141357 1575.726807 1553.222046
1073741823 300000000 1608.698193 6.918016 186.486192 0.794370  1628.437256 1605.968872 1605.000854 1605.240601 1607.131836 1603.975342 1605.219604 1610.821289 1610.050293 1605.135986
1073741823 310000000 1665.574976 10.877282 186.121913 1.208027  1683.040527 1661.729126 1668.724854 1658.533325 1650.777954 1687.937500 1662.019287 1662.209351 1662.261719 1658.516113
1073741823 320000000 1715.201697 2.774643 186.566980 0.302744  1715.176392 1716.681641 1717.843262 1715.640869 1716.879028 1715.987793 1717.125000 1715.519287 1707.606323 1713.557373
1073741823 330000000 1770.660474 7.910597 186.371134 0.823256  1771.138672 1767.716431 1769.127441 1767.240479 1794.115967 1767.019043 1767.330444 1766.983765 1768.345459 1767.587036
1073741823 340000000 1821.404822 5.344957 186.669101 0.547062  1819.547974 1815.400146 1819.212891 1822.199829 1819.450928 1830.114502 1821.696777 1822.437012 1813.071533 1830.916626
1073741823 350000000 1877.045544 3.545268 186.463243 0.351353  1874.965332 1873.088623 1875.366211 1882.117920 1875.676758 1878.120239 1875.687134 1875.558350 1885.101929 1874.772949
1073741823 360000000 1931.546851 9.727579 186.379119 0.929375  1935.927246 1929.663940 1925.739014 1929.574341 1927.699829 1920.694702 1927.914185 1929.612061 1930.003662 1958.639526
1073741823 370000000 1985.205420 7.084517 186.378697 0.661730  1993.670898 2002.341553 1980.490967 1982.011841 1980.706787 1980.781982 1988.704590 1982.187012 1980.900024 1980.258545
1073741823 380000000 2038.251050 4.432292 186.434345 0.404682  2033.020630 2033.934082 2040.067505 2035.844116 2039.311890 2035.372437 2046.838867 2045.381592 2036.743652 2035.995728
1073741823 390000000 2094.045312 10.004393 186.242388 0.885792  2091.070557 2111.397461 2113.001709 2087.928467 2082.159180 2099.784424 2089.079102 2089.906982 2086.248779 2089.876465
1073741823 400000000 2144.105493 5.050992 186.557985 0.439568  2133.346924 2144.464111 2143.353760 2143.936279 2154.717773 2140.187744 2146.926025 2144.903320 2145.500244 2143.718750
1073741823 410000000 2197.420557 8.462163 186.582399 0.713269  2189.305176 2194.512939 2220.835449 2196.389893 2199.026855 2194.152100 2189.189941 2197.330078 2199.021240 2194.441895
1073741823 420000000 2252.272168 6.913923 186.478351 0.570769  2243.175781 2247.066406 2265.150146 2248.870361 2251.081787 2247.418213 2251.019287 2252.003906 2265.077393 2251.858398
1073741823 430000000 2308.252417 9.838829 186.288119 0.786953  2305.473633 2312.545166 2304.440430 2335.984375 2307.755615 2300.394043 2304.161377 2300.875244 2307.613281 2303.281006
1073741823 440000000 2362.752466 8.701235 186.223486 0.680842  2361.319092 2356.427979 2361.392822 2369.160645 2386.627441 2358.842773 2358.180664 2357.054932 2361.389648 2357.128662
1073741823 450000000 2416.496118 4.228388 186.220038 0.324881  2417.214600 2415.846680 2413.519287 2412.495605 2415.714355 2412.703369 2415.661621 2414.752197 2419.319824 2427.733643
1073741823 460000000 2475.778076 15.931485 185.800175 1.184655  2470.556152 2466.836426 2470.384766 2501.642090 2460.846924 2466.326172 2469.876709 2468.242188 2511.936035 2471.133301
1073741823 470000000 2523.617310 5.914576 186.240599 0.435476  2522.268066 2522.531006 2523.449707 2517.860596 2538.063721 2524.851074 2521.259033 2527.221680 2524.242676 2514.425537
1073741823 480000000 2575.137378 3.570399 186.397823 0.258908  2579.261475 2566.176270 2574.467041 2576.023193 2576.078613 2578.834961 2577.717529 2576.093018 2572.864258 2573.857422
1073741823 490000000 2632.076025 4.573803 186.164835 0.323378  2630.851807 2629.776367 2633.648682 2629.231934 2639.080811 2637.122314 2625.194092 2626.786377 2638.399902 2630.667969
1073741823 500000000 2684.060791 5.766947 186.284901 0.400429  2681.166504 2685.686279 2685.607178 2681.273438 2682.786133 2691.277344 2683.059570 2694.412109 2671.845215 2683.494141
1073741823 510000000 2736.456201 6.423494 186.372433 0.438116  2737.905518 2736.496826 2727.587891 2746.948242 2734.880859 2723.346191 2741.080078 2736.326904 2740.697266 2739.292236
1073741823 520000000 2798.200439 19.183770 185.833721 1.266225  2780.836182 2778.558105 2832.236328 2804.154053 2790.296875 2778.415771 2795.762939 2834.136963 2795.925537 2791.681641
1073741823 530000000 2852.032251 12.216732 185.832401 0.794414  2847.282715 2870.437012 2846.814453 2841.978271 2860.069580 2840.597656 2859.286133 2872.970947 2835.551025 2845.334717
1073741823 540000000 2904.460059 10.421227 185.920959 0.664701  2896.262207 2900.058105 2890.821045 2897.960938 2927.910156 2902.349365 2910.068604 2916.986572 2899.395508 2902.788086
1073741823 550000000 2954.184229 15.003739 186.176608 0.937355  2956.302734 2955.951416 2941.162354 2953.297607 2949.826172 2946.417725 2935.954834 2953.407471 2954.585205 2994.936768
1073741823 560000000 3014.323804 16.426334 185.779643 1.005687  3008.309082 3004.961670 3009.811279 3004.022461 3036.978027 3007.160400 2995.792725 3051.886963 3004.423584 3019.891846
1073741823 570000000 3068.144775 17.689411 185.780021 1.063610  3058.574463 3057.078125 3063.079590 3060.668457 3090.936279 3060.854736 3062.023193 3109.551270 3072.644043 3046.037598
1073741823 580000000 3100.575684 10.817971 187.062036 0.648647  3130.355957 3099.458252 3097.997803 3099.362549 3085.428711 3098.976807 3094.297607 3099.009277 3100.152344 3100.717529
1073741823 590000000 3150.279150 4.618599 187.284990 0.274937  3153.800781 3139.426758 3151.822266 3150.469971 3149.154541 3147.185791 3156.645752 3148.535645 3155.408447 3150.341553
1073741823 600000000 3210.663696 16.820280 186.877249 0.976142  3218.634521 3188.679199 3194.925293 3205.511230 3231.575195 3205.354492 3200.593750 3243.557861 3222.188232 3195.617188
1073741823 610000000 3254.368921 6.027247 187.440335 0.348002  3256.103027 3244.726562 3259.593506 3259.848389 3256.410889 3256.627930 3258.703613 3240.961914 3255.682617 3255.030762
1073741823 620000000 3306.463623 7.181753 187.511514 0.407031  3307.202393 3291.593994 3306.802979 3307.127686 3304.217529 3307.571045 3306.582275 3302.665771 3307.958252 3322.914307
1073741823 630000000 3369.204785 16.648113 186.987743 0.917643  3360.612549 3360.604004 3357.842529 3378.520996 3408.888916 3359.284424 3359.320068 3358.771729 3358.606934 3389.595703
1073741823 640000000 3415.682202 8.047722 187.371062 0.441852  3413.049805 3415.287354 3430.048584 3419.320068 3403.769287 3417.667969 3418.268066 3416.952881 3421.885498 3400.572510
1073741823 650000000 3473.630298 12.464440 187.124116 0.668340  3464.606201 3477.882568 3462.322021 3468.063232 3505.354980 3474.453857 3457.409912 3472.488525 3478.049561 3475.672119
1073741823 660000000 3534.927808 17.354697 186.708198 0.915318  3527.857666 3521.607666 3526.926758 3506.466553 3558.027832 3536.124512 3556.707764 3526.122559 3562.490967 3526.945801
1073741823 670000000 3587.027344 25.124094 186.784191 1.291726  3594.322998 3579.138672 3577.309082 3655.220703 3581.474121 3600.841797 3561.799561 3578.221924 3571.597168 3570.347412
1073741823 680000000 3638.329810 40.929471 186.898944 2.065715  3603.193115 3657.780762 3623.099609 3608.248291 3602.145264 3618.769043 3622.431885 3663.462402 3745.220947 3638.946777
1073741823 690000000 3716.269067 58.162526 185.670087 2.845524  3696.289062 3855.168945 3793.390625 3684.450928 3714.726807 3711.225830 3682.195068 3699.521240 3663.891602 3661.830566
1073741823 700000000 3720.871460 7.515277 188.127972 0.378861  3717.197510 3719.092285 3730.593506 3716.287354 3716.935059 3739.082031 3721.102295 3713.793701 3715.074951 3719.555908
1073741823 710000000 3774.726953 13.361078 188.093075 0.663952  3789.653076 3770.946045 3769.193359 3773.353271 3770.412842 3751.996094 3777.130371 3771.275146 3768.241943 3805.067383
1073741823 720000000 3841.490161 23.718063 187.427266 1.155928  3823.495850 3819.846680 3875.357422 3819.545654 3825.309570 3808.605469 3849.667236 3858.829346 3876.607666 3857.636719
1073741823 730000000 3936.819556 32.825377 185.428870 1.533972  3927.058350 3893.341553 3906.238770 3918.620361 3922.261963 3933.907471 3941.218750 4008.279785 3983.382568 3933.885986
1073741823 740000000 4049.907642 66.534389 182.720216 2.987499  4164.602539 4123.808105 4038.394775 4090.564941 3984.375732 4119.323242 4033.738037 3987.845947 3964.799561 3991.623535
1073741823 750000000 4088.884937 77.359371 183.424090 3.374277  4060.719482 4103.029785 4032.055176 4163.367676 4061.101807 4036.662598 4086.903564 4013.530029 4045.158936 4286.320312
1073741823 760000000 4180.745825 106.685910 181.785746 4.587820  4068.029541 4273.347656 4267.448730 4349.812500 4103.158203 4097.063477 4336.594727 4105.577637 4076.255371 4130.170410
1073741823 770000000 4190.298096 95.795553 183.757810 4.065814  4132.664062 4182.906250 4278.555664 4163.770508 4195.760742 4101.826172 4135.412598 4435.148438 4095.430176 4181.506348
1073741823 780000000 4256.087549 111.562170 183.266907 4.591143  4171.339844 4199.306641 4374.455078 4199.479492 4233.761230 4202.733398 4231.697266 4190.025391 4208.302734 4549.774414
1073741823 790000000 4335.902490 116.253111 182.199669 4.797770  4522.009766 4499.220215 4505.182129 4309.238281 4245.143066 4241.631836 4306.505371 4244.607910 4222.840332 4262.645996
1073741823 800000000 4266.862891 26.584412 187.491377 1.161745  4258.046387 4319.838379 4265.329590 4281.200684 4240.893066 4257.723633 4308.601074 4240.187988 4241.992676 4254.815430
End => Query MVEB with fixedN


